0.000000000000000000e+00
5.000081500000000000e+08
1.250091890000000000e+08
1.249983680000000000e+08
9.373744700000000000e+07
6.250082200000000000e+07
3.906124200000000000e+07
2.344244800000000000e+07
1.366701900000000000e+07
7.810302000000000000e+06
4.393561000000000000e+06
2.442492000000000000e+06
1.342636000000000000e+06
7.328430000000000000e+05
3.962200000000000000e+05
2.137010000000000000e+05
1.141830000000000000e+05
6.073000000000000000e+04
3.253800000000000000e+04
1.701800000000000000e+04
9.011000000000000000e+03
4.834000000000000000e+03
2.541000000000000000e+03
1.309000000000000000e+03
6.950000000000000000e+02
3.130000000000000000e+02
1.890000000000000000e+02
9.600000000000000000e+01
4.600000000000000000e+01
3.300000000000000000e+01
1.400000000000000000e+01
5.000000000000000000e+00
2.000000000000000000e+00
0.000000000000000000e+00
1.000000000000000000e+00
0.000000000000000000e+00
1.000000000000000000e+00
0.000000000000000000e+00
0.000000000000000000e+00
0.000000000000000000e+00
1.000000000000000000e+00
