0.000000000000000000e+00
1.000043880000000000e+08
9.000530000000000000e+06
1.620235900000000000e+07
2.187143300000000000e+07
2.624734800000000000e+07
2.952803900000000000e+07
3.188972800000000000e+07
3.348425200000000000e+07
3.443817800000000000e+07
3.486622700000000000e+07
3.486802800000000000e+07
3.452211100000000000e+07
3.390130800000000000e+07
3.305272600000000000e+07
3.202515500000000000e+07
3.087750600000000000e+07
2.964997600000000000e+07
2.835031300000000000e+07
2.701409800000000000e+07
2.566462900000000000e+07
2.431160300000000000e+07
2.297022100000000000e+07
2.166886800000000000e+07
2.038545000000000000e+07
1.914376300000000000e+07
1.794413700000000000e+07
1.679624000000000000e+07
1.569877400000000000e+07
1.465212200000000000e+07
1.366378500000000000e+07
1.271799500000000000e+07
1.182115600000000000e+07
1.098453100000000000e+07
1.019639700000000000e+07
9.450094000000000000e+06
8.765893000000000000e+06
8.110556000000000000e+06
7.503360000000000000e+06
6.932954000000000000e+06
6.404747000000000000e+06
5.913996000000000000e+06
5.454576000000000000e+06
5.028859000000000000e+06
4.632261000000000000e+06
4.268558000000000000e+06
3.925687000000000000e+06
3.617535000000000000e+06
3.321914000000000000e+06
3.056491000000000000e+06
2.803637000000000000e+06
2.575566000000000000e+06
2.365691000000000000e+06
2.170958000000000000e+06
1.990887000000000000e+06
1.825176000000000000e+06
1.672055000000000000e+06
1.534620000000000000e+06
1.405259000000000000e+06
1.286026000000000000e+06
1.179089000000000000e+06
1.075692000000000000e+06
9.855480000000000000e+05
9.018410000000000000e+05
8.242180000000000000e+05
7.551660000000000000e+05
6.894550000000000000e+05
6.293420000000000000e+05
5.740670000000000000e+05
5.253340000000000000e+05
4.804850000000000000e+05
4.383750000000000000e+05
4.004300000000000000e+05
3.658800000000000000e+05
3.336230000000000000e+05
3.043720000000000000e+05
2.772690000000000000e+05
2.532490000000000000e+05
2.299960000000000000e+05
2.095590000000000000e+05
1.921420000000000000e+05
1.745130000000000000e+05
1.596370000000000000e+05
1.453150000000000000e+05
1.321590000000000000e+05
1.198410000000000000e+05
1.101530000000000000e+05
1.002450000000000000e+05
9.071700000000000000e+04
8.234900000000000000e+04
7.528200000000000000e+04
6.867700000000000000e+04
6.242600000000000000e+04
5.684300000000000000e+04
5.135200000000000000e+04
4.702000000000000000e+04
4.280700000000000000e+04
3.891900000000000000e+04
3.534600000000000000e+04
3.227800000000000000e+04
2.891100000000000000e+04
2.651300000000000000e+04
2.386100000000000000e+04
2.221800000000000000e+04
1.982500000000000000e+04
1.812700000000000000e+04
1.649900000000000000e+04
1.502000000000000000e+04
1.363000000000000000e+04
1.230700000000000000e+04
1.118000000000000000e+04
1.013200000000000000e+04
9.277000000000000000e+03
8.483000000000000000e+03
7.797000000000000000e+03
6.899000000000000000e+03
6.249000000000000000e+03
5.719000000000000000e+03
5.170000000000000000e+03
4.706000000000000000e+03
4.198000000000000000e+03
3.800000000000000000e+03
3.560000000000000000e+03
3.115000000000000000e+03
2.861000000000000000e+03
2.657000000000000000e+03
2.400000000000000000e+03
2.176000000000000000e+03
2.013000000000000000e+03
1.805000000000000000e+03
1.554000000000000000e+03
1.393000000000000000e+03
1.342000000000000000e+03
1.131000000000000000e+03
1.122000000000000000e+03
1.003000000000000000e+03
8.890000000000000000e+02
7.980000000000000000e+02
8.060000000000000000e+02
6.800000000000000000e+02
5.970000000000000000e+02
5.390000000000000000e+02
4.800000000000000000e+02
4.260000000000000000e+02
4.020000000000000000e+02
3.880000000000000000e+02
3.100000000000000000e+02
3.060000000000000000e+02
2.950000000000000000e+02
2.570000000000000000e+02
2.190000000000000000e+02
1.850000000000000000e+02
2.100000000000000000e+02
1.730000000000000000e+02
1.640000000000000000e+02
1.370000000000000000e+02
1.320000000000000000e+02
1.200000000000000000e+02
8.900000000000000000e+01
8.400000000000000000e+01
9.700000000000000000e+01
8.300000000000000000e+01
6.800000000000000000e+01
5.700000000000000000e+01
6.400000000000000000e+01
6.100000000000000000e+01
4.600000000000000000e+01
4.200000000000000000e+01
3.800000000000000000e+01
2.800000000000000000e+01
3.600000000000000000e+01
3.000000000000000000e+01
2.600000000000000000e+01
2.800000000000000000e+01
2.400000000000000000e+01
1.800000000000000000e+01
1.900000000000000000e+01
1.000000000000000000e+01
1.300000000000000000e+01
1.400000000000000000e+01
1.400000000000000000e+01
1.300000000000000000e+01
8.000000000000000000e+00
1.000000000000000000e+01
6.000000000000000000e+00
7.000000000000000000e+00
4.000000000000000000e+00
5.000000000000000000e+00
7.000000000000000000e+00
7.000000000000000000e+00
8.000000000000000000e+00
6.000000000000000000e+00
3.000000000000000000e+00
0.000000000000000000e+00
2.000000000000000000e+00
2.000000000000000000e+00
1.000000000000000000e+00
1.000000000000000000e+00
4.000000000000000000e+00
2.000000000000000000e+00
0.000000000000000000e+00
0.000000000000000000e+00
1.000000000000000000e+00
0.000000000000000000e+00
0.000000000000000000e+00
2.000000000000000000e+00
0.000000000000000000e+00
1.000000000000000000e+00
0.000000000000000000e+00
1.000000000000000000e+00
1.000000000000000000e+00
0.000000000000000000e+00
0.000000000000000000e+00
1.000000000000000000e+00
0.000000000000000000e+00
0.000000000000000000e+00
0.000000000000000000e+00
0.000000000000000000e+00
0.000000000000000000e+00
0.000000000000000000e+00
0.000000000000000000e+00
0.000000000000000000e+00
0.000000000000000000e+00
0.000000000000000000e+00
0.000000000000000000e+00
0.000000000000000000e+00
0.000000000000000000e+00
0.000000000000000000e+00
0.000000000000000000e+00
0.000000000000000000e+00
0.000000000000000000e+00
0.000000000000000000e+00
0.000000000000000000e+00
0.000000000000000000e+00
0.000000000000000000e+00
0.000000000000000000e+00
0.000000000000000000e+00
0.000000000000000000e+00
0.000000000000000000e+00
0.000000000000000000e+00
0.000000000000000000e+00
0.000000000000000000e+00
0.000000000000000000e+00
0.000000000000000000e+00
0.000000000000000000e+00
1.000000000000000000e+00
