2.571486210496115291e+03
2.570754559236112073e+03
2.543719929138964744e+03
2.528320661870747244e+03
2.497162998007440365e+03
2.511856639971101231e+03
2.502735050986209444e+03
2.474107917749187436e+03
2.440382045390747862e+03
2.419229110716615651e+03
2.382191219470606029e+03
2.349289554204939577e+03
2.331258176040339549e+03
2.291034742874941458e+03
2.242401068413835219e+03
2.172523549011434170e+03
2.134102188547244168e+03
2.063632035450160856e+03
1.975731000444412530e+03
1.907737373763727419e+03
1.816980242796334323e+03
1.718352344024186777e+03
1.629243607223260597e+03
1.513346071052997559e+03
1.395079529062553775e+03
1.289800959926359155e+03
1.199356332560917281e+03
1.100857487434778704e+03
1.010320005266702537e+03
9.073580953373086686e+02
8.286871318917050075e+02
7.614992821456523870e+02
6.772698442884736778e+02
6.339804801039917947e+02
5.838860286330907456e+02
5.439561220547697076e+02
4.783331557599288999e+02
4.403793619167574889e+02
4.061801815536853724e+02
3.673366365170940639e+02
3.363478534618402023e+02
3.101851164849987867e+02
2.731559217188470257e+02
2.530987049589322737e+02
2.313766923964282682e+02
2.110743158357261109e+02
1.924578212476942269e+02
1.717986908369911703e+02
1.586800127441855182e+02
1.447535832283972752e+02
1.363650925074529425e+02
1.215791199652370125e+02
1.103245933264277596e+02
1.009000275979574468e+02
9.409915318517666094e+01
8.350172103591189909e+01
7.542931582452496286e+01
6.888788860800281100e+01
6.130291807434292650e+01
5.750295648786789116e+01
5.044808959233250789e+01
4.731461903104325017e+01
4.346505083697067562e+01
3.913228412667459111e+01
3.711999652588941956e+01
3.347677148850454643e+01
2.995725150203678311e+01
2.639208943988158040e+01
2.438903894747311796e+01
2.249402376453243591e+01
2.022557203301508011e+01
1.835512923218266579e+01
1.707679047356760549e+01
1.551465653583851889e+01
1.372860694238318224e+01
1.267918329890077089e+01
1.148250337726807579e+01
1.056825763237865701e+01
9.717160377436508512e+00
8.550410405831057048e+00
7.880182666878622122e+00
7.115325316657418853e+00
6.542753322193297194e+00
5.896972180709447287e+00
5.254793648461698830e+00
4.703097920768293250e+00
4.163169561608430769e+00
3.722382115239258216e+00
3.368971309710792728e+00
2.924674799278023318e+00
2.642182384727645772e+00
2.392621265121249508e+00
2.029554398882823296e+00
1.728510542844324815e+00
1.471371366934113523e+00
1.239398619718860672e+00
9.596026490066225101e-01
7.371385655276004867e-01
4.712108382726503120e-01
2.161123429416112462e-01
