2.567630092951691836e+02
2.696775595025313237e+02
2.603412440717448817e+02
2.662043959414467054e+02
2.681947393284373788e+02
2.557812045095864448e+02
2.727347654349405843e+02
2.710394508790665213e+02
2.638095304196521624e+02
2.571876760346897868e+02
2.624275670451721680e+02
2.687295621337873399e+02
2.607601512678070890e+02
2.678947168316132661e+02
2.646922510706671687e+02
2.668768877370272889e+02
2.641776239360146405e+02
2.592179925656140540e+02
2.586381429545623405e+02
2.581390306903918486e+02
2.588781826090360028e+02
2.616024611325436808e+02
2.596334589298718356e+02
2.590937841164251836e+02
2.555658218823776053e+02
2.578350185497251914e+02
2.558834215036861792e+02
2.549052343668222989e+02
2.528365167183212066e+02
2.528263881143467984e+02
2.507261400297388434e+02
2.470395155062576578e+02
2.461226842109295490e+02
2.449398553341888771e+02
2.419124837037820726e+02
2.389949055358024737e+02
2.359921584000238397e+02
2.318013618967013940e+02
2.291127922013242539e+02
2.249923607162460257e+02
2.178523892768661199e+02
2.131597444045983423e+02
2.064302299110022147e+02
2.000966267066000057e+02
1.903190133154705279e+02
1.826483882579158262e+02
1.724854864321098944e+02
1.623730835001122159e+02
1.518500038531314260e+02
1.413474875473137899e+02
1.298687759516762128e+02
1.196357572495930270e+02
1.080160093239334174e+02
9.983183331119167292e+01
9.178085115017312035e+01
8.313007867454412292e+01
7.662688749359691087e+01
6.796954823931089607e+01
6.385752882080684145e+01
5.902920490736586601e+01
5.229145221264418808e+01
4.715600370463590707e+01
4.515465453485704472e+01
3.933411663247893131e+01
3.503786385367012457e+01
3.311046448236117357e+01
2.975871776572518002e+01
2.734177321266250615e+01
2.448319111202924603e+01
2.274951812938412132e+01
2.123672586454942746e+01
1.882663094778564528e+01
1.656052256752253982e+01
1.578029499866585894e+01
1.372283397809260741e+01
1.291189347398588438e+01
1.183918424614548925e+01
1.069361728443897874e+01
9.574845135779018079e+00
8.597152726713066073e+00
7.877637518521496851e+00
7.075089865937486344e+00
6.456706770842838061e+00
5.688276780505386654e+00
5.178471046979998604e+00
4.766747924265474445e+00
4.208723939981487305e+00
3.662822426765005357e+00
3.336739948747501572e+00
2.981764519052746643e+00
2.584525483349972230e+00
2.374845374178297330e+00
2.069666134610268493e+00
1.802322535580197282e+00
1.491225990040313087e+00
1.230812448582378593e+00
9.628166076671880180e-01
7.289663234905909839e-01
4.548319888882952911e-01
2.055991041433370692e-01
