1.314252171019190791e+04
1.181815123838410909e+04
1.069298266551881352e+04
9.959119229807238298e+03
9.189703683507405003e+03
8.447893313835225854e+03
7.677611424502380942e+03
6.933496524244182183e+03
6.392881227620781829e+03
5.718934964920863422e+03
5.389804840615638568e+03
4.737197845799729294e+03
4.454341210415484966e+03
4.048994440057153042e+03
3.717105141799765988e+03
3.347600769021877113e+03
3.090721757461340985e+03
2.743389809107787642e+03
2.580781215114980114e+03
2.374260663120006484e+03
2.169662064684553116e+03
1.928166925373388722e+03
1.714593169743988938e+03
1.579547006864418108e+03
1.452673736931084250e+03
1.311980184072437396e+03
1.221865040046988952e+03
1.092590944136690268e+03
1.025448201736326382e+03
9.268977086990336147e+02
8.527451214681477722e+02
7.521026864091188600e+02
7.079323719663321981e+02
6.377054550917814595e+02
5.837713057785115325e+02
5.287823473760055322e+02
4.879529621875003045e+02
4.414997690965172410e+02
4.013944998972016833e+02
3.611267635165186221e+02
3.304216863777530193e+02
3.022546163042363787e+02
2.848999537573539556e+02
2.544166797194938567e+02
2.296564322779489942e+02
2.120481684697026878e+02
1.924910555740951850e+02
1.769167008782892196e+02
1.594339786971596880e+02
1.441410271197880775e+02
1.318037793414096939e+02
1.213828840939251563e+02
1.109553630478553004e+02
9.919982455206059058e+01
9.302368250362735580e+01
8.320181206332844681e+01
7.515250142712605452e+01
7.034925560194535876e+01
6.213731887806529386e+01
5.768157418158530447e+01
5.102219073143710659e+01
4.804904126175269141e+01
4.299116086943085691e+01
3.993951435229311642e+01
3.679592352331688687e+01
3.340287621076492997e+01
3.015485245905896505e+01
2.714358506038982100e+01
2.402872736589180036e+01
2.230548084206487047e+01
2.047169848788311342e+01
1.853085700213860676e+01
1.747420793943793882e+01
1.564486984190553720e+01
1.414127503016911191e+01
1.273091133556488863e+01
1.199564209151697902e+01
1.033438233400771189e+01
9.303472772690247083e+00
8.672868882776329613e+00
7.964145920688489255e+00
7.050251825940501149e+00
6.453417634775638234e+00
5.773372317193161685e+00
5.160645209469046257e+00
4.682493683825989628e+00
4.314138600301086868e+00
3.783280120533750068e+00
3.393093756879253853e+00
2.974323461709576844e+00
2.623509082061314945e+00
2.296583056053237648e+00
2.045581147117196963e+00
1.806887895870075589e+00
1.445875665215287764e+00
1.239413111827038838e+00
9.617513424204874317e-01
7.291192174140312954e-01
4.831396257882941692e-01
2.088734167839419176e-01
