2.004526559999999881e+04
1.836365610000000015e+04
1.649155429999999978e+04
1.512518499999999949e+04
1.403397090000000026e+04
1.262112190000000010e+04
1.175165610000000015e+04
1.034513819999999942e+04
9.618842099999999846e+03
8.783508499999999913e+03
7.924582999999999629e+03
7.202309199999999691e+03
6.603916699999999764e+03
6.058002599999999802e+03
5.498984199999999873e+03
5.010233199999999670e+03
4.561471400000000358e+03
4.157695999999999913e+03
3.847459800000000087e+03
3.477447599999999966e+03
3.153870100000000093e+03
2.861635200000000168e+03
2.648740299999999934e+03
2.390987399999999980e+03
2.185443999999999960e+03
2.000945999999999913e+03
1.824167500000000018e+03
1.658926200000000108e+03
1.526879100000000108e+03
1.391627500000000055e+03
1.270050099999999929e+03
1.155556800000000067e+03
1.033667300000000068e+03
9.549524000000000115e+02
8.661097999999999502e+02
7.792472999999999956e+02
7.237971000000000004e+02
6.600557000000000016e+02
5.956933000000000220e+02
5.450520000000000209e+02
5.079126999999999725e+02
4.599504999999999768e+02
4.192925000000000182e+02
3.789920999999999935e+02
3.482413999999999987e+02
3.164434999999999718e+02
2.872151999999999816e+02
2.619495999999999754e+02
2.374638999999999953e+02
2.171919000000000040e+02
1.988593999999999937e+02
1.812917999999999950e+02
1.636600999999999999e+02
1.509440999999999917e+02
1.374004999999999939e+02
1.247622999999999962e+02
1.123739000000000061e+02
1.019709000000000003e+02
9.379940000000000566e+01
8.482519999999999527e+01
7.833010000000000161e+01
7.041459999999999297e+01
6.324949999999999761e+01
5.912800000000000011e+01
5.360470000000000113e+01
4.819839999999999947e+01
4.372520000000000095e+01
3.987870000000000203e+01
3.599900000000000233e+01
3.314950000000000330e+01
2.990899999999999892e+01
2.690840000000000032e+01
2.411659999999999826e+01
2.208990000000000009e+01
2.030600000000000094e+01
1.822490000000000165e+01
1.636149999999999949e+01
1.479250000000000043e+01
1.324619999999999997e+01
1.192479999999999940e+01
1.070379999999999932e+01
9.714999999999999858e+00
8.762399999999999523e+00
7.853600000000000136e+00
6.891399999999999970e+00
6.207399999999999807e+00
5.611100000000000421e+00
4.982099999999999973e+00
4.329699999999999882e+00
3.870299999999999851e+00
3.441100000000000048e+00
3.064000000000000057e+00
2.642700000000000049e+00
2.361099999999999977e+00
2.036599999999999966e+00
1.799099999999999921e+00
1.595800000000000107e+00
1.404700000000000060e+00
1.231600000000000028e+00
1.105699999999999905e+00
